a: 0.013994295007086446
b: -0.008082109115886608
c: 0.002767445013468557
d: -0.0011908431971773576
e: -0.02383676693205816
f: 0.0031606553113244875
g: 0.0075916225182093
h: -0.014109499832769688
i: 0.01815853222543134
j: 0.0067250125585210626
k: -0.007441369939020376
l: 0.006359003893940286
m: -0.005409509612693837
n: 0.02056104997641305
o: -0.005590547443217955
p: -0.005588023179300417
q: -0.0015311420361067878
r: -0.028367087332268007
s: 0.01933837628165296
t: -0.013150397516628554
u: -0.0013334281546720987
v: -0.0013353291578101275
w: -0.003217887153137899
x: -0.0021602502727300545
y: -0.005325630520994392
z: -7.409398369010083e-05
A: 0.003751163563750147
B: 0.001953749907859936
C: 0.003310869316735349
D: -0.0009249190622312006
E: -0.006927294775271302
F: -0.003463862018273589
G: 0.0007374819792728954
H: 0.0006874167779942831
I: 0.001696457803446191
J: -0.00230345525477773
K: 3.884509998834991e-05
L: 0.002504897758253573
M: 0.0019507946346315138
N: 0.00045889227943213474
O: -0.0005522956484398071
P: 0.0014826672981602359
Q: 0.0002328155920951999
R: 0.0003774659530581651
S: 0.0018200821299114765
T: 0.0006328773691291707
U: 2.8227427404504928e-05
V: 0.00041551929863536876
W: 0.002472334192286496
X: 0.0010169999287264475
Y: 0.0035771442422271016
Z: -0.0010959709133725078
0: 0.006172306360604148
1: 0.003820713424989375
2: 0.004181475755508112
3: 0.0003804648659442011
4: -0.0013156511966297062
5: 0.004250851992498772
6: 0.004577687078661933
7: 0.0009971253215846003
8: -0.0012491331568057842
9: 0.002115111352163922
